27 7 24 31 39 20
16 26 47 5 8 41
41 6 30 34 22 19
38 17 17 1 46 12
12 14 24 46 1 4
22 43 31 31 11 49
45 10 3 39 16 15
36 45 20 18 0 46
31 48 8 28 15 40
18 28 17 45 34 17
16 27 43 30 40 49
10 38 23 27 49 18
46 3 42 6 33 8
32 26 13 29 49 47
11 3 29 9 37 6
23 34 39 41 40 43
25 24 42 48 35 47
11 49 4 8 27 35
24 39 31 25 3 48
28 8 25 9 5 11
49 0 39 40 37 26
38 15 29 20 43 8
46 20 31 18 46 10
15 43 31 22 35 49
1 31 44 20 47 42
38 5 43 12 1 43
21 8 41 10 26 6
16 32 49 19 9 5
26 8 34 13 30 2
19 47 20 49 24 10
29 39 39 34 35 32
3 6 48 2 8 49
39 0 20 41 24 32
25 6 14 42 31 14
30 17 6 0 6 16
18 46 7 22 41 30
3 5 36 11 31 31
34 49 1 17 8 30
10 12 1 12 46 22
41 9 1 39 25 36
46 28 37 26 38 13
5 30 46 39 37 33
3 22 47 33 34 31
1 27 4 16 43 24
30 26 11 0 9 36
39 35 43 43 19 43
0 33 44 30 14 21
42 18 40 22 24 40
48 15 41 16 44 7
35 47 1 26 15 24
